name=unity
levels=0,0,800,2600,5600,10000,16000,23800,33600,45600,60000,77000,96800,119600,145600,175000,208000,244800,285600,330600,380000,434000,492800,556600,625600,700000,780000,865800,957600,1055600,1160000,1271000,1388800
postGygaxIncrement=120000
@
name=retainer
levels=0,0,1000,3200,6800,12000,19000,28000,39200,52800,69000,88000,110000,135200,163800,196000,232000,272000,316200,364800,418000,476000,539000,607200,680800,760000,845000,936000,1033200,1136800,1247000,1364000,1488000
postGygaxIncrement=150000
@
name=heroic
levels=0,0,800,2600,5600,10000,16000,23800,33600,45600,60000,77000,96800,119600,145600,175000,208000,244800,285600,330600,380000,434000,492800,556600,625600,700000,780000,865800,957600,1055600,1160000,1271000,1388800
postGygaxIncrement=120000
@
